>SHAPE|helix_end|X
0 0.1
0.394617
0.186335
0.106004
0.0745342
0.0467909
0.0401656
0.0273292
0.0302277
0.0153209
0.00952381
0.0144928
0.00952381
0.00869565
0.00372671
0.00455487
0.00496894
0.00455487
0.00248447
0.000828157
0.00289855
0.000414079
0.00207039
0.000414079
0.00124224
0.00165631
0.000828157
0.000414079
0.000414079
0.00124224
0.000414079
0
0.000414079
0.000828157
0
0
0.000414079
0
0.000828157
0
0
0
0
0
0.000414079
0
0
0
0
0.000414079
>SHAPE|helix_end|A
0 0.1
0.230483
0.159851
0.0966543
0.0855019
0.070632
0.0855019
0.0408922
0.070632
0.0185874
0.0223048
0.0111524
0.0148699
0.00743494
0.0111524
0.00371747
0.0111524
0.0111524
0.00743494
0.00371747
0.00371747
0.00371747
0.00371747
0.00371747
0.00371747
0.00371747
0
0
0
0
0.00371747
0
0.00371747
0
0
0
0.00371747
0
0.00371747
>SHAPE|helix_end|C
0 0.1
0.4825
0.17875
0.10375
0.0675
0.03625
0.02625
0.0225
0.0225
0.01125
0.00625
0.01125
0.00375
0.0075
0.00125
0.005
0.0025
0.0025
0.00375
0
0.00125
0
0
0
0
0
0.00125
0
0
0.0025
>SHAPE|helix_end|G
0 0.1
0.413793
0.213362
0.105603
0.0765086
0.0387931
0.0334052
0.0237069
0.0204741
0.0140086
0.0075431
0.00862069
0.0118534
0.00862069
0.00323276
0.00538793
0.00431034
0.00215517
0
0.00107759
0.00107759
0
0.00215517
0
0
0
0
0
0.00107759
0.00107759
0
0
0
0.00107759
0
0
0
0
0
0
0
0
0
0
0
0
0
0
0
0.00107759
>SHAPE|helix_end|U
0 0.1
0.294537
0.15677
0.11639
0.0760095
0.0688836
0.0522565
0.0356295
0.04038
0.023753
0.0118765
0.0356295
0.0118765
0.0118765
0.00475059
0.0023753
0.00712589
0.00950119
0.0023753
0
0.00950119
0
0.00475059
0
0.00475059
0.00712589
0.0023753
0.0023753
0
0
0
0
0
0.0023753
0
0
0
0
0.0023753
0
0
0
0
0
0.0023753
>SHAPE|stacked|X
0 0.1
0.618591
0.168224
0.0707249
0.0436979
0.0310685
0.0164183
0.0136398
0.00757767
0.00606214
0.00303107
0.00277848
0.00328366
0.00252589
0.00176812
0.00101036
0.00101036
0.0022733
0.00101036
0.00151553
0.000252589
0.000505178
0
0.000252589
0
0.000252589
0.000252589
0.000505178
0.000252589
0.000252589
0.000505178
0
0
0.000252589
0
0
0
0
0
0
0
0
0
0
0
0
0
0
0
0
0
0
0
0
0
0
0
0
0
0.000252589
0
0
0
0
0
0
0
0
0
0.000252589
>SHAPE|stacked|A
0 0.1
0.535445
0.182504
0.092006
0.0573152
0.0422323
0.0226244
0.0135747
0.00904977
0.00754148
0.00603318
0.0015083
0.00754148
0.00452489
0.0015083
0.0015083
0
0.00452489
0.00301659
0.0015083
0
0.0015083
0
0
0
0.0015083
0
0
0
0
0.0015083
0
0
0
0
0
0
0
0
0
0
0
0
0
0
0
0
0
0
0
0
0
0
0
0
0
0
0
0
0
0
0
0
0
0
0
0
0
0
0.0015083
>SHAPE|stacked|C
0 0.1
0.665121
0.166048
0.0649351
0.028757
0.0222635
0.0148423
0.0102041
0.00649351
0.00278293
0.00371058
0.00278293
0.00278293
0.00278293
0
0
0.000927644
0.00185529
0
0
0
0
0
0
0
0
0
0
0.000927644
0
0.000927644
0
0
0.000927644
0
0
0
0
0
0
0
0
0
0
0
0
0
0
0
0
0
0
0
0
0
0
0
0
0
0.000927644
>SHAPE|stacked|G
0 0.1
0.614985
0.166172
0.0689911
0.0504451
0.0267062
0.0170623
0.0163205
0.00816024
0.00816024
0.00296736
0.00445104
0.00148368
0.00148368
0.00222552
0.00148368
0.00148368
0.00222552
0
0.00296736
0.00074184
0.00074184
0
0
0
0
0
0.00074184
>SHAPE|stacked|U
0 0.1
0.631157
0.162658
0.0641466
0.0412371
0.0400916
0.0126002
0.0137457
0.00687285
0.00572738
0
0.00114548
0.00343643
0.00229095
0.00343643
0.00114548
0.00114548
0.00114548
0.00229095
0.00114548
0
0
0
0.00114548
0
0
0.00114548
0.00114548
0
0.00114548
>SHAPE|paired|X
0 0.1
0.533815
0.174957
0.0841048
0.0553899
0.0370312
0.0254197
0.0188294
0.0161619
0.00957163
0.00549192
0.00721795
0.00564883
0.00486427
0.00251059
0.00235368
0.00251059
0.00313824
0.00156912
0.0012553
0.0012553
0.000470736
0.00078456
0.000313824
0.000470736
0.00078456
0.000470736
0.000470736
0.000313824
0.000627648
0.000470736
0
0.000156912
0.000470736
0
0
0.000156912
0
0.000313824
0
0
0
0
0
0.000156912
0
0
0
0
0.000156912
0
0
0
0
0
0
0
0
0
0.000156912
0
0
0
0
0
0
0
0
0
0.000156912
>SHAPE|paired|A
0 0.1
0.446831
0.176155
0.0934479
0.0655209
0.0504834
0.0408163
0.0214823
0.0268528
0.0107411
0.0107411
0.00429646
0.00966702
0.00537057
0.00429646
0.00214823
0.00322234
0.00644468
0.00429646
0.00214823
0.00107411
0.00214823
0.00107411
0.00107411
0.00107411
0.00214823
0
0
0
0
0.00214823
0
0.00107411
0
0
0
0.00107411
0
0.00107411
0
0
0
0
0
0
0
0
0
0
0
0
0
0
0
0
0
0
0
0
0
0
0
0
0
0
0
0
0
0
0.00107411
>SHAPE|paired|C
0 0.1
0.587107
0.17155
0.0815131
0.045285
0.0282365
0.0197123
0.0154502
0.0133191
0.00639318
0.00479489
0.00639318
0.00319659
0.00479489
0.000532765
0.00213106
0.0015983
0.00213106
0.0015983
0
0.000532765
0
0
0
0
0
0.000532765
0
0.000532765
0.00106553
0.000532765
0
0
0.000532765
0
0
0
0
0
0
0
0
0
0
0
0
0
0
0
0
0
0
0
0
0
0
0
0
0
0.000532765
>SHAPE|paired|G
0 0.1
0.532747
0.185495
0.083956
0.0610989
0.0316484
0.0237363
0.0193407
0.0131868
0.0105495
0.00483516
0.00615385
0.00571429
0.0043956
0.00263736
0.00307692
0.00263736
0.0021978
0
0.0021978
0.000879121
0.00043956
0.000879121
0
0
0
0
0.00043956
0.00043956
0.00043956
0
0
0
0.00043956
0
0
0
0
0
0
0
0
0
0
0
0
0
0
0
0.00043956
>SHAPE|paired|U
0 0.1
0.522042
0.160093
0.0812065
0.0525909
0.0494973
0.025522
0.0208817
0.0177881
0.0116009
0.00386698
0.0123743
0.00618716
0.00541377
0.00386698
0.00154679
0.00309358
0.00386698
0.00232019
0.000773395
0.00309358
0
0.00154679
0.000773395
0.00154679
0.00232019
0.00154679
0.00154679
0
0.000773395
0
0
0
0.000773395
0
0
0
0
0.000773395
0
0
0
0
0
0.000773395
>SHAPE|unpaired|X
0 0.1
0.151876
0.100183
0.0846295
0.0846295
0.0640439
0.0594694
0.0546661
0.0468893
0.0510064
0.0432296
0.0322507
0.031107
0.0228728
0.0215005
0.0178408
0.0189844
0.0130375
0.0121226
0.0105215
0.00937786
0.00686185
0.0073193
0.00686185
0.00480329
0.00640439
0.00457457
0.00297347
0.00365965
0.00114364
0.00228728
0.00343092
0.0016011
0.00182983
0.000914913
0.000686185
0.0016011
0.00114364
0.0016011
0.00114364
0.000457457
0.000228728
0.000457457
0.000228728
0
0.000457457
0
0.000228728
0.000686185
0
0.000228728
0.0016011
0.000228728
0.000457457
0
0.000228728
0
0
0
0.000228728
0.000228728
0
0.000228728
0
0
0.000228728
0
0
0.000228728
0
0.000228728
0
0
0
0
0.000457457
0
0
0.000228728
0
0
0
0
0.000228728
0
0
0.000228728
0.000228728
0
0
0
0.000228728
0
0
0
0
0.000228728
0
0
0
0
0
0
0
0
0
0
0
0
0
0
0
0
0
0
0
0
0
0
0
0
0
0
0
0
0
0
0
0
0
0
0
0
0
0
0
0
0
0
0
0
0
0
0
0
0
0
0
0
0
0
0
0
0
0
0
0
0
0
0
0
0
0
0
0
0
0
0
0
0
0
0.000228728
>SHAPE|unpaired|A
0 0.1
0.126455
0.0936508
0.0798942
0.0809524
0.0645503
0.0619048
0.0597884
0.0465608
0.0582011
0.0507937
0.0343915
0.0343915
0.0232804
0.0201058
0.0222222
0.0232804
0.0179894
0.0142857
0.0111111
0.00952381
0.0047619
0.00687831
0.00846561
0.00529101
0.00687831
0.00529101
0.0021164
0.0047619
0.0015873
0.0015873
0.0037037
0.0021164
0.0026455
0.000529101
0.0015873
0.0015873
0.000529101
0.000529101
0.0015873
0
0.000529101
0.000529101
0.000529101
0
0
0
0
0
0
0
0
0
0.000529101
0
0.000529101
0
0
0
0.000529101
0
0
0.000529101
0
0
0
0
0
0
0
0
0
0
0
0
0.000529101
>SHAPE|unpaired|C
0 0.1
0.208113
0.107584
0.0881834
0.0881834
0.0687831
0.0493827
0.0529101
0.0493827
0.042328
0.0246914
0.0299824
0.037037
0.010582
0.026455
0.026455
0.010582
0.00352734
0.00529101
0.00529101
0.00352734
0.010582
0.00705467
0.00352734
0.00176367
0.00352734
0.00529101
0.00176367
0.00176367
0.00176367
0.00352734
0.00352734
0.00352734
0.00176367
0.00176367
0
0
0
0.00176367
0
0.00176367
0
0
0
0
0.00176367
0
0
0
0
0
0.00176367
0
0
0
0
0
0
0
0
0
0
0
0
0
0
0
0
0
0
0
0
0
0
0
0.00176367
0
0
0
0
0
0
0
0
0
0
0
0
0
0
0
0
0
0
0
0
0.00176367
>SHAPE|unpaired|G
0 0.1
0.169492
0.12662
0.0927218
0.0907278
0.0648056
0.0727817
0.0478564
0.0418744
0.0329013
0.0408774
0.0338983
0.0289133
0.0259222
0.0149551
0.00897308
0.0129611
0.00897308
0.0109671
0.00797607
0.00797607
0.00598205
0.00797607
0.00398804
0.00498504
0.00398804
0.00199402
0.00299103
0.00299103
0.000997009
0.000997009
0.00398804
0
0.000997009
0
0
0.00398804
0
0.00199402
0.00199402
0.000997009
0
0
0
0
0
0
0.000997009
0.000997009
0
0.000997009
0.00299103
0
0
0
0
0
0
0
0
0
0
0
0
0
0
0
0
0
0
0
0
0
0
0
0
0
0
0
0
0
0
0
0
0
0
0
0
0
0
0
0
0
0
0
0
0
0
0
0
0
0
0
0
0
0
0
0
0
0
0
0
0
0
0
0
0
0
0
0
0
0
0
0
0
0
0
0
0
0
0
0
0
0
0
0
0
0
0
0
0
0
0
0
0
0
0
0
0
0
0
0
0
0
0
0
0
0
0
0
0
0
0
0
0
0
0
0
0
0
0
0.000997009
>SHAPE|unpaired|U
0 0.1
0.15082
0.0797814
0.0830601
0.0830601
0.0601093
0.0459016
0.052459
0.0513661
0.0612022
0.042623
0.0273224
0.0229508
0.0262295
0.0284153
0.0131148
0.0218579
0.0131148
0.0131148
0.0153005
0.0142077
0.00983607
0.00765027
0.00874317
0.00546448
0.00983607
0.00546448
0.00546448
0.00327869
0
0.00437158
0.00218579
0.0010929
0.0010929
0.00218579
0
0
0.00437158
0.00327869
0
0
0
0.0010929
0
0
0.0010929
0
0
0.00218579
0
0
0.00327869
0.0010929
0.0010929
0
0
0
0
0
0
0.0010929
0
0
0
0
0.0010929
0
0
0.0010929
0
0.0010929
0
0
0
0
0
0
0
0.0010929
0
0
0
0
0.0010929
0
0
0.0010929
0.0010929
0
0
0
0.0010929
